,player,rank,predicted_rank,my_RBO,Combined Rank,yahoo_RBO,Andy Behrens,Andy_Behrens_RBO,Dahlton Del Don,DDD_RBO
0,Anthony Davis,1,3,0.0,7.0,0.0,4.0,0.0,8.0,0.0
1,Stephen Curry,2,4,0.0,4.0,0.0,3.0,0.0,6.0,0.0
2,Kevin Durant,3,2,0.2222222222222222,1.0,0.1111111111111111,1.0,0.2222222222222222,1.0,0.1111111111111111
3,James Harden,4,1,0.41666666666666663,3.0,0.2708333333333333,6.0,0.35416666666666663,2.0,0.20833333333333331
4,Karl-Anthony Towns,5,5,0.5333333333333333,6.0,0.3366666666666666,7.0,0.4033333333333333,4.0,0.2866666666666666
5,LeBron James,6,12,0.5833333333333334,9.0,0.3916666666666666,8.0,0.4472222222222222,13.0,0.3499999999999999
6,Giannis Antetokounmpo,7,7,0.6224489795918366,5.0,0.4581632653061224,9.0,0.4853741496598639,3.0,0.4020408163265306
7,Damian Lillard,8,13,0.6383928571428572,17.0,0.49464285714285716,18.0,0.5184523809523809,14.0,0.44553571428571426
8,Chris Paul,9,9,0.6538800705467372,12.0,0.5261022927689595,13.0,0.5472663139329805,10.0,0.47010582010582014
9,Jimmy Butler,10,10,0.6684920634920635,16.0,0.5434920634920635,17.0,0.5625396825396825,12.0,0.49309523809523814
10,Victor Oladipo,11,55,0.6738357601993966,52.0,0.5519349337531156,45.0,0.5692509510691329,41.0,0.5061196379378198
11,DeMarcus Cousins,12,24,0.6801827801827803,15.0,0.5614959114959116,14.0,0.5704244829244829,17.0,0.5194985569985571
12,Nikola Jokic,13,11,0.6929497852574777,10.0,0.5715583561737408,11.0,0.5798001144154991,9.0,0.5387087271702657
13,Kyrie Irving,14,15,0.6995758210043926,13.0,0.5817531674674532,15.0,0.5894062286919429,11.0,0.5614540221683079
14,LaMarcus Aldridge,15,56,0.7062707662707665,49.0,0.5918585118585118,51.0,0.5990013690013689,49.0,0.5773570873570875
15,Paul George,16,30,0.7090038433788434,18.0,0.6017423548673548,28.0,0.6045325334387834,19.0,0.5881472693972694
16,Kristaps Porzingis,17,17,0.7122804339067315,20.0,0.6113284447194482,22.0,0.6104942875271595,20.0,0.5985330701593677
17,Jrue Holiday,18,45,0.7128327554798142,43.0,0.6205756298893554,39.0,0.6167013950102185,46.0,0.6054046897184152
18,Khris Middleton,19,58,0.7113263223659182,40.0,0.626694918066924,50.0,0.6202545071841958,43.0,0.6123224484312964
19,Nikola Vucevic,20,41,0.7082600062476223,48.0,0.6328601721635778,54.0,0.6217417818249861,40.0,0.6192063260097316
20,Kyle Lowry,21,16,0.7062793710294815,22.0,0.6367375789312986,21.0,0.6238810620555423,22.0,0.6237339159276354
21,Otto Porter,22,23,0.7031013830901249,41.0,0.640852812946818,56.0,0.6265145674992986,35.0,0.6284402255342305
22,Kawhi Leonard,23,8,0.7027775044302519,8.0,0.645125753026635,5.0,0.6295205503868527,7.0,0.6332528433276383
23,Kevin Love,24,39,0.7030089973012136,34.0,0.6477594022060807,32.0,0.6310683052318451,37.0,0.6363811970778755
24,Andre Drummond,25,51,0.7020886374091649,54.0,0.6490490261178375,58.0,0.6314255730225713,65.0,0.6381259491947605
25,Russell Westbrook,26,6,0.7017124472129546,2.0,0.6507128209712936,2.0,0.6322879030542475,5.0,0.6402098623914119
26,Kemba Walker,27,22,0.7017861974533526,21.0,0.652675446257679,19.0,0.6335611905954482,26.0,0.6425614861437189
27,Eric Bledsoe,28,34,0.7009570985647124,29.0,0.6536003027688844,24.0,0.6364442092986721,34.0,0.643847555516137
28,Joel Embiid,29,18,0.7017564376153942,27.0,0.656032634778043,26.0,0.639468130737838,25.0,0.645427128512608
29,Rudy Gobert,30,25,0.7028090008059922,14.0,0.658609324729886,12.0,0.6425969708243546,18.0,0.6472462242288544
30,Draymond Green,31,19,0.7040711454209914,26.0,0.6612972653473402,34.0,0.6447608562608218,24.0,0.6492601337490475
31,Robert Covington,32,37,0.7045298596265854,69.0,0.6630926633052359,128.0,0.647073017002671,53.0,0.6504551295693897
32,Gary Harris,33,64,0.7052190374340442,80.0,0.6650375137284932,,0.6485850376077323,47.0,0.6518646619148535
33,Klay Thompson,34,26,0.70610359861678,33.0,0.6671038844319803,43.0,0.6502702527645984,31.0,0.6543184694363889
34,Clint Capela,35,108,0.7063373733501781,60.0,0.6684519367135157,62.0,0.6512829394203037,68.0,0.6560318192892268
35,Nikola Mirotic,36,118,0.7067786191521793,107.0,0.6691739508171525,100.0,0.6517102651771471,88.0,0.6578704415929211
36,Bradley Beal,37,20,0.7073989194380591,28.0,0.6700801333005457,25.0,0.6523579789744047,28.0,0.6598125845155376
37,Lou Williams,38,84,0.7081737401176669,63.0,0.6704519857483153,55.0,0.6525036831288179,73.0,0.6611471563911674
38,Hassan Whiteside,39,27,0.7090818427707971,19.0,0.6716698506765308,16.0,0.6535242987487891,23.0,0.6632610688834386
39,Devin Booker,40,73,0.7101047967015273,51.0,0.6730031044096176,41.0,0.6540611912800692,60.0,0.6654295421613527
40,DeMar DeRozan,41,48,0.710631687442299,35.0,0.6744349144745823,47.0,0.6547652312310015,32.0,0.6676409572543834
41,Tyreke Evans,42,104,0.710718688081428,162.0,0.6759506364655502,,0.6556154921654107,180.0,0.669885333555583
42,Al Horford,43,31,0.7109561658599561,42.0,0.6775375064666218,49.0,0.6560527738511259,38.0,0.6721540899953395
43,Marc Gasol,44,28,0.7118435257267753,31.0,0.6791843813196532,29.0,0.6571548802305425,27.0,0.674439844148338
44,Darren Collison,45,121,0.712321077006921,96.0,0.6803876913644017,93.0,0.6578600804229502,80.0,0.6767362426734367
45,Enes Kanter,46,61,0.7124312993404189,101.0,0.6811921177336064,,0.6586816476727347,158.0,0.6790378177381919
46,Blake Griffin,47,36,0.7131174600153851,30.0,0.6825429418470155,30.0,0.6596060309046866,33.0,0.6813398650746813
47,CJ McCollum,48,42,0.7138858462650646,24.0,0.6843823250029804,20.0,0.6610552108163945,30.0,0.6840723678856252
48,Josh Richardson,49,107,0.7147269930926413,129.0,0.6858255845093751,,0.6625580407497542,107.0,0.686354939303203
49,Tobias Harris,50,32,0.7156324532307885,68.0,0.6873090728191876,,0.6641068799347591,52.0,0.6882278405171389
50,Jeff Teague,51,44,0.7165946773312228,45.0,0.6892111248323446,33.0,0.665694941881444,66.0,0.6901118774773949
51,Will Barton,52,129,0.7172370873825454,130.0,0.6907499641476988,107.0,0.6669463705139015,168.0,0.6920032171117054
52,Myles Turner,53,14,0.7183002537651461,25.0,0.6926688861484721,27.0,0.6686024197708482,15.0,0.6938984928301389
53,Jamal Murray,54,249,0.7194016893950097,79.0,0.6942449767341999,,0.6702812501317447,59.0,0.6954518129217618
54,John Wall,55,21,0.7205365347117946,11.0,0.695837216826636,10.0,0.6723091943442253,16.0,0.6970221105380604
55,Trevor Ariza,56,68,0.7217004231225534,72.0,0.6971232869343238,104.0,0.6740154077105275,64.0,0.6986058993804931
56,Joe Ingles,57,95,0.7225816406916561,118.0,0.6984356823312902,,0.6757332044973849,96.0,0.7002000710441779
57,Jonas Valanciunas,58,52,0.7235002687653433,66.0,0.6994733548713571,48.0,0.6774595642295942,100.0,0.7015045882497182
58,Evan Fournier,59,93,0.7244521458532046,97.0,0.7005451940160253,,0.6789045184698854,95.0,0.7025419997100074
59,Dirk Nowitzki,60,92,0.7251557212000956,85.0,0.7013694407824249,57.0,0.6803672209398318,119.0,0.703610744159285
60,Danilo Gallinari,61,57,0.7258989356604004,77.0,0.7022338493049383,96.0,0.6818446731093213,71.0,0.7047071549645212
61,J.J. Redick,62,110,0.72667788102696,,0.7028741982495517,,0.6830740254160907,,0.7058279032455305
62,Kentavious Caldwell-Pope,63,71,0.7272370378662901,81.0,0.7035592386905388,75.0,0.684073354314752,104.0,0.7067180121131372
63,Aaron Gordon,64,86,0.7275927091496293,61.0,0.7045290162109991,80.0,0.684859317528584,50.0,0.7078825744238695
64,Thaddeus Young,65,115,0.727759921908274,91.0,0.7052877414053861,,0.6854472806908661,62.0,0.7090630791960466
65,Patrick Beverley,66,54,0.7282116769941449,76.0,0.7058504156632476,70.0,0.6860809995784701,74.0,0.7102572566003307
66,T.J. Warren,67,53,0.7287039509173778,,0.7064536729923994,,0.6865337892929371,,0.7112402737105507
67,Dario Saric,68,77,0.7290171281097694,83.0,0.7068777971784972,86.0,0.687034589969425,179.0,0.7122427956369526
68,Taj Gibson,69,189,0.7293737376792769,119.0,0.7071351868014092,97.0,0.6873695223979295,202.0,0.7132625912893471
69,Steven Adams,70,150,0.7295663577532464,88.0,0.7074414188266952,77.0,0.6877540394248979,105.0,0.7140935338627646
70,Kyle Anderson,71,148,0.729804562196714,,0.7077928687896597,,0.6879860297444441,,0.7149464120805277
71,DeAndre Jordan,72,43,0.7300850543884264,44.0,0.708186177710791,40.0,0.6882686311831786,48.0,0.7158190699374339
72,Ricky Rubio,73,38,0.730404774979465,39.0,0.708805882913852,37.0,0.6887858745540977,39.0,0.7167095199082666
73,Tim Hardaway,74,60,0.7307608828413203,92.0,0.7094538676955129,,0.689156554846829,72.0,0.7176159288795574
74,Serge Ibaka,75,40,0.7313285155145471,50.0,0.7103055939040172,44.0,0.6895678007822047,51.0,0.7187143831611632
75,Kent Bazemore,76,163,0.7317473231358932,127.0,0.7111741491088812,105.0,0.6900167009104167,124.0,0.7196454265960233
76,Kris Dunn,77,180,0.7320265365139563,136.0,0.7120578715778669,123.0,0.6903318829023036,113.0,0.7204191324742669
77,Paul Millsap,78,35,0.7323391483074986,38.0,0.7129552229941928,36.0,0.6906859448900782,42.0,0.7212092882380748
78,Malcolm Brogdon,79,83,0.7325226457091502,86.0,0.7138647787358141,78.0,0.6910762365666819,118.0,0.7218541314089115
79,Rondae Hollis-Jefferson,80,98,0.7327411126377859,114.0,0.7147852190016165,,0.6913440336095984,91.0,0.7225184547663002
80,Dennis Schroder,81,79,0.7331447050591148,46.0,0.7157153207027092,52.0,0.6916490379195546,54.0,0.7232006686306394
81,Derrick Favors,82,136,0.7335733389355502,128.0,0.716653950045716,129.0,0.6918401115201787,106.0,0.7238992922434127
82,Dewayne Dedmon,83,69,0.7340252786754762,142.0,0.717600055742654,,0.6920690664837184,116.0,0.7246129457118111
83,Harrison Barnes,84,74,0.7344989006413577,67.0,0.7185526627888015,79.0,0.6923335503861231,69.0,0.7253403426166025
84,Buddy Hield,85,267,0.7348542768967881,111.0,0.7193724584514938,90.0,0.6927697646722379,110.0,0.7259418749179988
85,Courtney Lee,86,117,0.7352332022871175,148.0,0.7200666132071958,130.0,0.6932324201938965,195.0,0.726424432889477
86,Nicolas Batum,87,47,0.735766259679246,123.0,0.7207739992094383,101.0,0.693587655950685,117.0,0.7269266226554455
87,Taurean Waller-Prince,88,112,0.7361862711911553,,0.7214935095490005,,0.6939704408520718,,0.727317952356675
88,Al-Farouq Aminu,89,75,0.7367517833567894,159.0,0.7220978622380724,,0.6943790547599327,133.0,0.7276043684960836
89,Goran Dragic,90,65,0.7373310845293682,36.0,0.7228399847564149,31.0,0.6948118800774149,44.0,0.7279149372411889
90,Elfrid Payton,91,87,0.7379231472401311,55.0,0.7235912903218256,74.0,0.6953881533430779,63.0,0.7283689573729426
91,Wesley Matthews,92,113,0.7385270071708858,115.0,0.7242327838580249,109.0,0.6959817603719575,165.0,0.7288403722975277
92,Spencer Dinwiddie,93,151,0.7390261386696843,,0.724769996379843,,0.6964758864310865,,0.7293280408576307
93,Kelly Olynyk,94,141,0.7394258153293775,133.0,0.725321334127726,111.0,0.6969887052037753,162.0,0.7298308887706437
94,Allen Crabbe,95,82,0.7398418316777109,113.0,0.725775015375135,,0.6975190180021843,90.0,0.7303479043459112
95,Kyle O'Quinn,96,111,0.740164659819957,182.0,0.7261358659094217,,0.6980656948979949,155.0,0.7308781345089744
96,E'Twaun Moore,97,171,0.7403989066046807,217.0,0.7264084582153826,,0.6985213891901507,192.0,0.7313143998881464
97,Larry Nance,98,101,0.7407571851503638,163.0,0.7267012498745758,,0.6988904962142413,135.0,0.7316612541999916
98,Ersan Ilyasova,99,124,0.7410291001253779,143.0,0.7269110831836686,122.0,0.6991771854168523,183.0,0.7320250472654135
99,Jeremy Lamb,100,154,0.7412188091241242,160.0,0.727141972351832,,0.6994854135626838,134.0,0.7323047967927594
100,Eric Gordon,101,109,0.7414282886142197,93.0,0.7274908264634352,83.0,0.6999120357791497,125.0,0.7326025338306902
101,Greg Monroe,102,72,0.7417526171956643,122.0,0.7278556799525481,119.0,0.7003550358128413,111.0,0.7330133894198165
102,DeMarre Carroll,103,144,0.7420919027483882,183.0,0.7281413680442521,,0.7007192012677642,156.0,0.7334375218441506
103,Thabo Sefolosha,104,213,0.7424453090089435,,0.7283515471976726,,0.7011005994804262,,0.7338741433057082
104,Brook Lopez,105,46,0.7429027459752982,37.0,0.7286711016234544,35.0,0.7015889837937644,36.0,0.7343225074737718
105,Rodney Hood,106,167,0.7433701995999527,141.0,0.7290058171118767,,0.7020901913158241,115.0,0.7347819071006657
106,Pau Gasol,107,63,0.7439343876201121,108.0,0.729354876206036,94.0,0.7026907983146193,94.0,0.7352516717910517
107,Jusuf Nurkic,108,241,0.7444192201078544,47.0,0.7297175025237442,38.0,0.7033860481244633,67.0,0.7358168997957298
108,James Johnson,109,99,0.7449964699191703,89.0,0.7301771264800536,,0.7040872450569129,84.0,0.7364730699768818
109,Bojan Bogdanovic,110,196,0.7454965020108143,161.0,0.7306465906194912,,0.7047938899365608,174.0,0.7370505875225464
110,Tyler Johnson,111,62,0.7460849192072105,132.0,0.7310441418280973,,0.7055055106018512,142.0,0.7375527695520081
111,Rajon Rondo,112,175,0.7466779110000036,105.0,0.7315322681127954,85.0,0.7063013797673958,109.0,0.7380625024769264
112,Marvin Williams,113,105,0.7472750913631487,103.0,0.7321068513772055,117.0,0.7071775598978903,82.0,0.7385792960566983
113,John Henson,114,169,0.7478760947168421,205.0,0.7326870159619238,,0.7080533492308881,182.0,0.7391026848108947
114,Reggie Bullock,115,190,0.7484049604338602,,0.7332723462579069,,0.7089284996912623,,0.7396322266821043
115,Mike Conley,116,33,0.7489389248058631,23.0,0.7339367642003923,23.0,0.7098770946701426,21.0,0.7402418180692085
116,Carmelo Anthony,117,123,0.7495506675042132,53.0,0.7346767304936609,61.0,0.7108957505196271,56.0,0.7408548436580684
117,Danny Green,118,116,0.7501649321720171,166.0,0.7353452270321374,,0.7119094176726495,138.0,0.741399164862345
118,Bobby Portis,119,187,0.7507108239220015,230.0,0.7360156541194318,,0.7129180172981671,208.0,0.7419481020406079
119,Willie Cauley-Stein,120,96,0.7513299003893184,121.0,0.7366877458906591,106.0,0.7139909227095713,103.0,0.7425013123013807
120,Justin Holiday,121,103,0.7519506969232226,,0.7373612506203381,,0.7150569085269431,,0.7429901683365924
121,Dwight Powell,122,160,0.7525057906463727,239.0,0.7380359299689216,,0.7161159690724761,,0.7434843365348547
122,Terry Rozier,123,289,0.7529976795848681,,0.738711558273094,,0.7171681031067206,,0.7439173741848125
123,Kelly Oubre,124,247,0.7534937961126695,193.0,0.7393228854566357,,0.7182133135135083,,0.7442916097207831
124,Markieff Morris,125,94,0.7539938457437683,106.0,0.7400003023729825,,0.7192516070054001,89.0,0.7446732768430169
125,Wayne Ellington,126,218,0.7544345597420226,,0.7406150643974853,,0.7202829938482649,,0.744998999135646
126,Austin Rivers,127,157,0.75481814278578,150.0,0.7412314626132158,124.0,0.7213694877276914,171.0,0.7452708775602087
127,Jabari Parker,128,81,0.7552687822952662,155.0,0.7417882480615501,127.0,0.722508690948569,144.0,0.7455519644542696
128,Rudy Gay,129,119,0.7557237024974119,110.0,0.742407761071589,,0.7236382131448093,122.0,0.745901931198179
129,Delon Wright,130,205,0.756123460998911,200.0,0.7429691214893817,,0.724758155883932,175.0,0.7462588985913291
130,Cameron Payne,131,219,0.7565283224061218,233.0,0.743532669364499,,0.7258686204011049,,0.7466225186766701
131,Jeremy Lin,132,97,0.7569380022409699,,0.7440981932191757,,0.7269697075284611,,0.7469350661706256
132,JaMychal Green,133,125,0.7573522283533534,165.0,0.7446654915572304,,0.7280615176307119,137.0,0.7473114377122224
133,Zach Randolph,134,126,0.7578264320401793,95.0,0.7452900640751259,67.0,0.7291998422373885,166.0,0.7476934976000906
134,Wilson Chandler,135,78,0.758358307577879,112.0,0.7459696712822511,,0.7303278543799374,120.0,0.7481358228579226
135,Michael Beasley,136,220,0.7588915726173151,,0.7465940292356257,,0.7314456859005001,,0.7485820559943479
136,Gerald Green,137,375,0.7594260632428907,,0.7472182829515784,,0.7325534668708038,,0.7490319605352811
137,Fred VanVleet,138,314,0.7599091131941867,,0.7478423050557942,,0.7336513255964827,,0.7494853101176236
138,Denzel Valentine,139,251,0.7603942140308932,212.0,0.7484142174618418,,0.7347393886233493,187.0,0.7499418880325167
139,Julius Randle,140,198,0.7608811941347543,73.0,0.7489867689697673,60.0,0.7358688011535908,92.0,0.7504014867914682
140,Trey Burke,141,269,0.761319590172529,,0.7495095226328257,,0.7369875828565907,,0.7508639077140778
141,George Hill,142,70,0.761760604762665,75.0,0.7500337067126778,53.0,0.7381454762921374,98.0,0.7513785538708225
142,Mario Hezonja,143,305,0.7622040608494633,,0.7505102669327418,,0.7392919967523176,,0.7518457095653052
143,Marco Belinelli,144,243,0.7626015635133173,,0.7509889764987953,,0.7404273146761056,,0.7523151452241881
144,Joe Harris,145,290,0.762954608616317,,0.7514696708344752,,0.7415515971670431,,0.7527866935686586
145,Mike Muscala,146,164,0.7633584661478434,176.0,0.7519521923234116,,0.7426650080702901,151.0,0.7533071074708436
146,Marcus Morris,147,193,0.7637650701311961,135.0,0.7524826670204573,113.0,0.7438139850619911,177.0,0.7538746420722497
147,Zach LaVine,148,49,0.7642199080430195,99.0,0.7530593911476018,76.0,0.7449971265069704,99.0,0.7544876147244277
148,Caris LeVert,149,166,0.7646762493655541,154.0,0.7536356782841724,,0.7461680389951674,126.0,0.7551444025000261
149,D.J. Augustin,150,307,0.7651339632586727,,0.7541669959845003,,0.7473269187351996,,0.7557545509278037
150,Jakob Poeltl,151,342,0.7655490666115056,,0.7546547282596785,,0.7484739576927447,,0.756363342770701
151,Kyle Korver,152,178,0.7659661607023578,201.0,0.7551867781776377,,0.749609343705154,,0.7569274343521958
152,Andrew Wiggins,153,90,0.7663851097139576,64.0,0.7557616178947901,64.0,0.750775979204881,78.0,0.7575336158441055
153,Domantas Sabonis,154,355,0.7668057832298982,,0.7562934407504235,,0.7519304951098587,,0.758138263472711
154,T.J. McConnell,155,133,0.7672280560123901,221.0,0.7568251584063521,,0.753073087128921,205.0,0.7587829489737195
155,Ryan Anderson,156,142,0.7676518077900883,140.0,0.7573977781996053,,0.7542039466953201,128.0,0.7594662929891739
156,Brandon Ingram,157,181,0.7680769230554929,117.0,0.7579693449496828,,0.7553232610840918,93.0,0.7601869628743904
157,Jeff Green,158,287,0.7685032908714372,,0.7585398001450823,,0.756431213525556,,0.7609036132455588
158,J.J. Barea,159,283,0.7689308046862168,,0.7591090882182175,,0.757527983315099,,0.7616162561589702
159,Alex Len,160,140,0.7693984246569279,202.0,0.7596771564168536,,0.7586137459193797,,0.7623249045579766
160,Jaylen Brown,161,179,0.7699048423734604,151.0,0.7602825334399965,,0.7596886730790949,143.0,0.7630681509746335
161,David West,162,254,0.7704106881109812,,0.7608858800938115,,0.7607529329084345,,0.7638067182487576
162,Dwight Howard,163,100,0.7709535409785302,71.0,0.7615248052149944,59.0,0.7618443278399684,102.0,0.7645782755119385
163,Tomas Satoransky,164,352,0.7714578397322306,,0.7621609567596382,,0.7629246940741387,,0.7653445293346646
164,Reggie Jackson,165,143,0.7719981319799506,120.0,0.7628310556442905,99.0,0.7640309355976564,146.0,0.7661422576233616
165,Pascal Siakam,166,300,0.7725006835146919,,0.7634976997422382,,0.7651258283502617,,0.7669341136704847
166,D'Angelo Russell,167,66,0.7730382569613212,56.0,0.7641967525638901,65.0,0.7662454090690219,55.0,0.7677560148866283
167,Ish Smith,168,211,0.7735743104204518,,0.764891726542393,,0.7673533587315928,,0.7685715261358859
168,Nerlens Noel,169,59,0.7741438262475916,70.0,0.7656176569444916,88.0,0.7684848766187242,45.0,0.7694157336945511
169,Trey Lyles,170,284,0.7747111463008065,,0.7663389371631572,,0.769604515752801,,0.7702530805897734
170,Jordan Clarkson,171,139,0.775310455284171,116.0,0.767089802104339,92.0,0.7707466664250171,181.0,0.7711178500305979
171,Patty Mills,172,155,0.7759407487431733,168.0,0.7678692962240679,,0.7718767223124864,140.0,0.7720091334876941
172,Yogi Ferrell,173,147,0.7766010531458406,234.0,0.7686764936497498,,0.772994879519207,210.0,0.772926050855686
173,Anthony Tolliver,174,316,0.7772243658936482,,0.7694774676920587,,0.7741013298747249,,0.7738347200045536
174,P.J. Tucker,175,182,0.7778769613538478,,0.770272290325655,,0.775196261050951,,0.774735256298405
175,Montrezl Harrell,176,203,0.7785579290321057,,0.7710610324777304,,0.776279856675145,,0.7756277729206765
176,Marcin Gortat,177,122,0.7792663859429974,58.0,0.7718756833523656,46.0,0.777384215747203,112.0,0.7765443002338063
177,Kosta Koufos,178,326,0.7799699140108596,229.0,0.772715417235817,,0.7784770578630025,,0.777452490947049
178,Robin Lopez,179,102,0.7806997721735903,109.0,0.7735794333500079,89.0,0.7795897761502759,131.0,0.7783836729988101
179,Jae Crowder,180,76,0.7814551438096629,78.0,0.7744669550165819,91.0,0.7807216848012928,97.0,0.7793370970377056
180,Cory Joseph,181,162,0.7822352365714972,184.0,0.7753772288526064,,0.7818415949093777,,0.780281512209287
181,Maurice Harkless,182,106,0.7830392815824859,157.0,0.7763095239965753,,0.7829496986929333,132.0,0.7812472399226642
182,Dejounte Murray,183,333,0.7838068115615956,214.0,0.777263131363431,,0.784046184259513,,0.7822037257865047
183,Shabazz Napier,184,319,0.7845682584741861,,0.7782078260653782,,0.7851312357155696,,0.7831511062938086
184,Andre Roberson,185,135,0.7853236966679706,169.0,0.7791729554204667,,0.786205033272695,141.0,0.7841187336228268
185,Isaiah Canaan,186,288,0.7861021043572919,,0.7801289569897752,,0.7872677533504865,,0.7850770500624775
186,Tyus Jones,187,184,0.7869027822858912,,0.7810759639114175,,0.7883195686761596,,0.7860261933504845
187,James Ennis,188,173,0.7877250513253392,,0.7820141067018389,,0.7893606483810285,,0.7869662984786564
188,Luc Mbah a Moute,189,360,0.7885402570950408,,0.7829435133207285,,0.79039115809397,,0.7878974977616422
189,Terrence Ross,190,88,0.7893761948000806,147.0,0.7838920100650236,,0.7914112600319796,121.0,0.7888476217346418
190,Tyson Chandler,191,146,0.7902322334720794,178.0,0.7848589963339743,,0.7924211130879235,152.0,0.7898160739220459
191,Marcus Smart,192,67,0.7911077600338569,94.0,0.785843888714179,87.0,0.7934479996517018,86.0,0.790802274925924
192,Andre Iguodala,193,114,0.792002178738076,164.0,0.7868461204379342,,0.7944645245535036,136.0,0.7918056618877027
193,Quinn Cook,194,285,0.7929149106257585,,0.7878385705557747,,0.7954708451570911,,0.7927991176639219
194,Wesley Johnson,195,244,0.7938453930038775,,0.7888213839349101,,0.7964671156421501,,0.7937827908277755
195,Jonathon Simmons,196,214,0.7947930789412796,203.0,0.7898207333921352,,0.7974534870846256,,0.7947568269845268
196,Dwyane Wade,197,134,0.7957574367822075,87.0,0.7908360987847439,63.0,0.7984558747535767,101.0,0.7957471360644837
197,Frank Kaminsky,198,138,0.7967379496767367,124.0,0.7918669745229496,102.0,0.7994737743760334,161.0,0.796753208584105
198,Stanley Johnson,199,161,0.7977341151274661,175.0,0.7929128691233369,,0.8004814438515307,150.0,0.7977745492444863
199,Garrett Temple,200,177,0.7987454445518286,,0.7939483047777202,,0.8014790366322732,,0.798785676498264
